heritage	1142.0	1142	19.952
cultural	323.0	323	5.643
future	304.0	304	5.311
research	252.0	252	4.403
foresight	252.0	252	4.403
cultural heritage	230.0	230	4.018
digital	216.0	216	3.774
sector	206.71126017210145	169	2.953
may	184.0	184	3.215
change	151.0	151	2.638
wellbeing	149.0	149	2.603
social	148.0	148	2.586
global	147.0	147	2.568
climate	140.0	140	2.446
development	139.0	139	2.428
heritage sector	138.2152212985057	113	1.974
need	132.0	132	2.306
studies	129.65321643930622	106	1.852
european	128.0	128	2.236
ai	128.0	128	2.236
new	127.0	127	2.219
policy	114.0	114	1.992
towards	106.0	106	1.852
economic	102.0	102	1.782
greater	101.5209147590794	83	1.450
communities	99.0	99	1.730
challenges	99.0	99	1.730
knowledge	98.0	98	1.712
culture	97.0	97	1.695
possible	94.0	94	1.642
data	92.0	92	1.607
trends	89.28947924593731	73	1.275
emerging	89.13871180219346	59	1.031
world	87.0	87	1.520
people	87.0	87	1.520
values	86.0	86	1.502
potential	83.0	83	1.450
systems	82.0	82	1.433
literature	82.0	82	1.433
public	80.0	80	1.398
learning	80.0	80	1.398
work	78.0	78	1.363
futures	78.0	78	1.363
based	77.0	77	1.345
across	77.0	77	1.345
value	75.0	75	1.310
including	75.0	75	1.310
sustainable	74.0	74	1.293
sustainability	74.0	74	1.293
impacts	74.0	74	1.293
projects	73.38861307885259	60	1.048
used	72.0	72	1.258
health	72.0	72	1.258
could	72.0	72	1.258
call	70.90275707934374	37	0.646
project	70.0	70	1.223
impact	70.0	70	1.223
review	68.49603887359575	56	0.978
ways	68.0	68	1.188
human	68.0	68	1.188
different	68.0	68	1.188
environmental	67.0	67	1.171
become	66.47632744570359	44	0.769
local	65.0	65	1.136
organisations	64.82660821965311	53	0.926
games	63.23759415184712	33	0.577
climate change	63.0	63	1.101
likely	62.38032111702469	51	0.891
reviewed	61.157177565710484	50	0.874
increasingly	61.0	61	1.066
areas	61.0	61	1.066
beyond	60.43302495063963	40	0.699
study	60.0	60	1.048
role	60.0	60	1.048
political	60.0	60	1.048
help	60.0	60	1.048
see	59.934034014396275	49	0.856
focus	59.934034014396275	49	0.856
might	59.0	59	1.031
approaches	59.0	59	1.031
approach	59.0	59	1.031
management	58.0	58	1.013
trend	57.48872195622465	30	0.524
shift	57.48872195622465	30	0.524
critical	57.48774691176786	47	0.821
session	57.41137370310765	38	0.664
use	57.0	57	0.996
technology	56.0	56	0.978
technologies	56.0	56	0.978
participants	56.0	56	0.978
opportunities	56.0	56	0.978
key	56.0	56	0.978
education	56.0	56	0.978
wider	55.900548079341654	37	0.646
chapter	55.572431224350495	29	0.507
must	55.04145980913944	45	0.786
many	54.0	54	0.943
counter	53.65614049247634	28	0.489
time	53.0	53	0.926
europe	53.0	53	0.926
diverse	53.0	53	0.926
community	52.0	52	0.908
extract	51.73984976060219	27	0.472
societal	51.0	51	0.891
skills	51.0	51	0.891
institutions	51.0	51	0.891
strategic foresight	49.85724558427769	33	0.577
tools	49.0	49	0.856
strategic	49.0	49	0.856
resilience	49.0	49	0.856
practices	49.0	49	0.856
non	49.0	49	0.856
term	48.0	48	0.839
technological	48.0	48	0.839
stakeholders	48.0	48	0.839
methods	47.70259850125418	39	0.681
museums	46.47945494993997	38	0.664
make	46.47945494993997	38	0.664
issues	46.47945494993997	38	0.664
society	46.0	46	0.804
provide	46.0	46	0.804
platforms	45.99097756497972	24	0.419
foresight research	45.99097756497972	24	0.419
rights	45.0	45	0.786
open	45.0	45	0.786
commission	45.0	45	0.786
spaces	44.07468683310557	23	0.402
lifelong learning	44.07468683310557	23	0.402
lifelong	44.07468683310557	23	0.402
gamification	44.07468683310557	23	0.402
counter trends	44.07468683310557	23	0.402
planning	44.033167847311546	36	0.629
evidencing	44.033167847311546	36	0.629
needs	44.0	44	0.769
changing	44.0	44	0.769
access	44.0	44	0.769
participation	43.81394308921373	29	0.507
sectors	43.0	43	0.751
life	43.0	43	0.751
implications	43.0	43	0.751
cross	43.0	43	0.751
building	43.0	43	0.751
scenarios	42.81002429599734	35	0.611
scenario	42.30311746544774	28	0.489
professionals	42.30311746544774	28	0.489
breakout	42.30311746544774	28	0.489
nft	42.15839610123141	22	0.384
music	42.15839610123141	22	0.384
related	42.0	42	0.734
innovation	42.0	42	0.734
analysis	42.0	42	0.734
making	41.58688074468313	34	0.594
two	41.0	41	0.716
increased	40.36373719336892	33	0.577
climate crisis	40.36373719336892	33	0.577
state	40.242105369357255	21	0.367
potentially	40.242105369357255	21	0.367
themes	40.0	40	0.699
practice	40.0	40	0.699
needed	40.0	40	0.699
governance	40.0	40	0.699
develop	40.0	40	0.699
crisis	40.0	40	0.699
contribute	40.0	40	0.699
already	39.28146621791576	26	0.454
years	39.14059364205471	32	0.559
understanding	39.14059364205471	32	0.559
shifts	39.14059364205471	32	0.559
means	39.14059364205471	32	0.559
participatory	39.0	39	0.681
long	39.0	39	0.681
forms	39.0	39	0.681
esa	38.325814637483106	20	0.349
resources	38.0	38	0.664
part	38.0	38	0.664
increasing	38.0	38	0.664
horizon	38.0	38	0.664
european commission	38.0	38	0.664
environment	38.0	38	0.664
using	37.9174500907405	31	0.542
sites	37.9174500907405	31	0.542
field	37.9174500907405	31	0.542
expected	37.77064059414977	25	0.437
information	37.0	37	0.646
important	37.0	37	0.646
evidence	37.0	37	0.646
creative	37.0	37	0.646
explore	36.69430653942629	30	0.524
nfts	36.40952390560895	19	0.332
decision making	36.40952390560895	19	0.332
content	36.40952390560895	19	0.332
anticipated	36.40952390560895	19	0.332
meaningful	36.25981497038378	24	0.419
game	36.25981497038378	24	0.419
thinking	36.0	36	0.629
support	36.0	36	0.629
rather	36.0	36	0.629
past	36.0	36	0.629
jpi	36.0	36	0.629
relevant	35.0	35	0.611
processes	35.0	35	0.611
intangible	35.0	35	0.611
conservation	35.0	35	0.611
changes	35.0	35	0.611
better	35.0	35	0.611
awareness	35.0	35	0.611
upon	34.74898934661778	23	0.402
sectoral	34.74898934661778	23	0.402
range	34.74898934661778	23	0.402
politics	34.74898934661778	23	0.402
centre	34.74898934661778	23	0.402
among	34.74898934661778	23	0.402
agendas	34.74898934661778	23	0.402
wollentz	34.493233173734794	18	0.314
value systems	34.493233173734794	18	0.314
reviewed literature	34.493233173734794	18	0.314
sub	34.248019436797875	28	0.489
transformation	34.0	34	0.594
preservation	34.0	34	0.594
present	34.0	34	0.594
first	34.0	34	0.594
aims	34.0	34	0.594
sessions	33.238163722851795	22	0.384
inequality	33.238163722851795	22	0.384
concerns	33.238163722851795	22	0.384
seen	33.02487588548366	27	0.472
engagement	33.0	33	0.577
instrument	32.57694244186064	17	0.297
explicitly	32.57694244186064	17	0.297
copernicus	32.57694244186064	17	0.297
would	32.0	32	0.559
inclusive	32.0	32	0.559
protection	31.80173233416945	26	0.454
often	31.80173233416945	26	0.454
infrastructure	31.80173233416945	26	0.454
university	31.727338099085806	21	0.367
literature review	31.727338099085806	21	0.367
cross sectoral	31.727338099085806	21	0.367
art	31.727338099085806	21	0.367
terms	31.0	31	0.542
perspectives	31.0	31	0.542
nature	31.0	31	0.542
long term	31.0	31	0.542
international	31.0	31	0.542
face	31.0	31	0.542
existing	31.0	31	0.542
scientific challenges	30.66065170998648	16	0.280
research projects	30.66065170998648	16	0.280
implications heritage	30.66065170998648	16	0.280
formal	30.66065170998648	16	0.280
csic scientific	30.66065170998648	16	0.280
archaeological	30.66065170998648	16	0.280
uk	30.578588782855242	25	0.437
tangible	30.578588782855242	25	0.437
question	30.578588782855242	25	0.437
section	30.216512475319814	20	0.349
pandemic	30.216512475319814	20	0.349
foresight studies	30.216512475319814	20	0.349
figure	30.216512475319814	20	0.349
experts	30.216512475319814	20	0.349
enhancing	30.216512475319814	20	0.349
national	30.0	30	0.524
inequalities	29.355445231541033	24	0.419
traditional	29.0	29	0.507
risk	29.0	29	0.507
loss	29.0	29	0.507
framework	29.0	29	0.507
collaboration	29.0	29	0.507
understood	28.744360978112326	15	0.262
turn	28.744360978112326	15	0.262
superior	28.744360978112326	15	0.262
peer	28.744360978112326	15	0.262
connected	28.744360978112326	15	0.262
conflict	28.744360978112326	15	0.262
overview	28.705686851553825	19	0.332
move	28.705686851553825	19	0.332
involved	28.705686851553825	19	0.332
february	28.705686851553825	19	0.332
de	28.705686851553825	19	0.332
csic	28.705686851553825	19	0.332
centred	28.705686851553825	19	0.332
scientific	28.132301680226824	23	0.402
promote	28.132301680226824	23	0.402
iccrom	28.132301680226824	23	0.402
dimensions	28.132301680226824	23	0.402
cohesion	28.132301680226824	23	0.402
way	28.0	28	0.489
societies	28.0	28	0.489
science	28.0	28	0.489
recognition	28.0	28	0.489
private	28.0	28	0.489
funding	28.0	28	0.489
address	28.0	28	0.489
action	28.0	28	0.489
require	27.194861227787833	18	0.314
regarding	27.194861227787833	18	0.314
policy areas	27.194861227787833	18	0.314
methodologies	27.194861227787833	18	0.314
lives	27.194861227787833	18	0.314
lack	27.194861227787833	18	0.314
