heritage	163.0	163	23.336
cultural	151.0	151	21.618
cultural heritage	119.0	119	17.037
climate	86.0	86	12.312
change	52.0	52	7.445
disaster	51.36807120804369	34	4.868
research	48.0	48	6.872
climate change	44.0	44	6.299
disaster risk	42.30311746544774	28	4.009
risk	41.0	41	5.870
sria	34.0	34	4.868
risk reduction	31.727338099085806	21	3.006
european	29.0	29	4.152
office	28.705686851553825	19	2.720
reduction	28.132301680226824	23	3.293
management	27.0	27	3.865
global	27.0	27	3.865
knowledge	26.0	26	3.722
innovation	26.0	26	3.722
commons	24.17320998025585	16	2.291
society	24.0	24	3.436
priority	24.0	24	3.436
resilience	23.0	23	3.293
keywords	22.66238435648986	15	2.147
unesco	21.15155873272387	14	2.004
human	21.0	21	3.006
environmental	21.0	21	3.006
science	20.0	20	2.863
public	20.0	20	2.863
priority area	19.64073310895788	13	1.861
sustainable	19.0	19	2.720
towards	18.0	18	2.577
development	18.0	18	2.577
undrr united	17.246616586867397	9	1.288
undrr	17.246616586867397	9	1.288
office disaster	17.246616586867397	9	1.288
oce	17.246616586867397	9	1.288
nations office	17.246616586867397	9	1.288
climate education	17.246616586867397	9	1.288
social	17.0	17	2.434
research innovation	17.0	17	2.434
education	17.0	17	2.434
resources	16.0	16	2.291
future	16.0	16	2.291
framework	16.0	16	2.291
nations	15.900866167084725	13	1.861
office climate	15.33032585499324	8	1.145
oce office	15.33032585499324	8	1.145
statistics	15.108256237659907	10	1.432
term	15.0	15	2.147
strategic	15.0	15	2.147
united nations	14.677722615770517	12	1.718
united	14.677722615770517	12	1.718
societal	14.0	14	2.004
policy	14.0	14	2.004
including	14.0	14	2.004
europe	14.0	14	2.004
digital	14.0	14	2.004
area	14.0	14	2.004
neutrality	13.454579064456308	11	1.575
glossary	13.454579064456308	11	1.575
climate neutrality	13.454579064456308	11	1.575
practices	13.0	13	1.861
open	13.0	13	1.861
conservation	13.0	13	1.861
revision	12.231435513142097	10	1.432
priority areas	12.231435513142097	10	1.432
preliminary	12.086604990127926	8	1.145
opportunities	12.0	12	1.718
natural	12.0	12	1.718
communities	12.0	12	1.718
based	12.0	12	1.718
areas	12.0	12	1.718
institute statistics	11.49774439124493	6	0.859
union	11.0	11	1.575
themes	11.0	11	1.575
role	11.0	11	1.575
resource	11.0	11	1.575
new	11.0	11	1.575
local	11.0	11	1.575
international	11.0	11	1.575
impact	11.0	11	1.575
heritage research	11.0	11	1.575
european union	11.0	11	1.575
approach	11.0	11	1.575
working groups	10.575779366361935	7	1.002
systems	10.0	10	1.432
nature	10.0	10	1.432
measures	10.0	10	1.432
key	10.0	10	1.432
impacts	10.0	10	1.432
following	10.0	10	1.432
events	10.0	10	1.432
environment	10.0	10	1.432
challenges	10.0	10	1.432
capacity	10.0	10	1.432
adaptation	10.0	10	1.432
statistics unesco	9.581453659370776	5	0.716
public goods	9.581453659370776	5	0.716
preliminary findings	9.581453659370776	5	0.716
messages	9.581453659370776	5	0.716
goods	9.581453659370776	5	0.716
global public	9.581453659370776	5	0.716
disaster risks	9.581453659370776	5	0.716
annotation	9.581453659370776	5	0.716
unesco institute	9.064953742595945	6	0.859
science policy	9.064953742595945	6	0.859
role cultural	9.064953742595945	6	0.859
refers	9.064953742595945	6	0.859
enhancing	9.064953742595945	6	0.859
area cultural	9.064953742595945	6	0.859
anthropocene	9.064953742595945	6	0.859
would	9.0	9	1.288
used	9.0	9	1.288
risks	9.0	9	1.288
resilient	9.0	9	1.288
processes	9.0	9	1.288
people	9.0	9	1.288
partnership	9.0	9	1.288
life	9.0	9	1.288
health	9.0	9	1.288
economic	9.0	9	1.288
context	9.0	9	1.288
activities	9.0	9	1.288
societal resilience	8.562004859199469	7	1.002
see	8.562004859199469	7	1.002
innovative	8.562004859199469	7	1.002
convention	8.562004859199469	7	1.002
conditions	8.562004859199469	7	1.002
working	8.0	8	1.145
system	8.0	8	1.145
stakeholders	8.0	8	1.145
project	8.0	8	1.145
groups	8.0	8	1.145
green	8.0	8	1.145
effects	8.0	8	1.145
different	8.0	8	1.145
community	8.0	8	1.145
action	8.0	8	1.145
sti	7.66516292749662	4	0.573
open innovation	7.66516292749662	4	0.573
key messages	7.66516292749662	4	0.573
coping	7.66516292749662	4	0.573
adaptation mitigation	7.66516292749662	4	0.573
resilient cultural	7.554128118829953	5	0.716
public awareness	7.554128118829953	5	0.716
greenhouse	7.554128118829953	5	0.716
factors	7.554128118829953	5	0.716
environmental change	7.554128118829953	5	0.716
emissions	7.554128118829953	5	0.716
drafting	7.554128118829953	5	0.716
institute	7.338861307885258	6	0.859
infrastructures	7.338861307885258	6	0.859
heritage climate	7.338861307885258	6	0.859
change cultural	7.338861307885258	6	0.859
adaptive	7.338861307885258	6	0.859
work	7.0	7	1.002
traditional	7.0	7	1.002
time	7.0	7	1.002
strategies	7.0	7	1.002
skills	7.0	7	1.002
related	7.0	7	1.002
process	7.0	7	1.002
policies	7.0	7	1.002
physical	7.0	7	1.002
past	7.0	7	1.002
need	7.0	7	1.002
mitigation	7.0	7	1.002
loss	7.0	7	1.002
long	7.0	7	1.002
cross	7.0	7	1.002
council	7.0	7	1.002
changes	7.0	7	1.002
agenda	7.0	7	1.002
addressing	7.0	7	1.002
actions	7.0	7	1.002
without	6.1157177565710485	5	0.716
tangible	6.1157177565710485	5	0.716
restoration	6.1157177565710485	5	0.716
preventive	6.1157177565710485	5	0.716
partners	6.1157177565710485	5	0.716
justice	6.1157177565710485	5	0.716
joint	6.1157177565710485	5	0.716
heritage science	6.1157177565710485	5	0.716
heritage management	6.1157177565710485	5	0.716
heritage global	6.1157177565710485	5	0.716
hazards	6.1157177565710485	5	0.716
four	6.1157177565710485	5	0.716
external	6.1157177565710485	5	0.716
designed	6.1157177565710485	5	0.716
ability	6.1157177565710485	5	0.716
technology innovation	6.043302495063963	4	0.573
society interface	6.043302495063963	4	0.573
science technology	6.043302495063963	4	0.573
risk management	6.043302495063963	4	0.573
refer	6.043302495063963	4	0.573
rch	6.043302495063963	4	0.573
partnership resilient	6.043302495063963	4	0.573
object	6.043302495063963	4	0.573
interface	6.043302495063963	4	0.573
iii	6.043302495063963	4	0.573
heritage consists	6.043302495063963	4	0.573
hazard	6.043302495063963	4	0.573
global environmental	6.043302495063963	4	0.573
glams	6.043302495063963	4	0.573
change impacts	6.043302495063963	4	0.573
area addresses	6.043302495063963	4	0.573
value	6.0	6	0.859
use	6.0	6	0.859
sustainable development	6.0	6	0.859
sustainability	6.0	6	0.859
strategic research	6.0	6	0.859
preservation	6.0	6	0.859
present	6.0	6	0.859
may	6.0	6	0.859
jpi	6.0	6	0.859
intangible	6.0	6	0.859
innovation agenda	6.0	6	0.859
existing	6.0	6	0.859
cutting themes	6.0	6	0.859
cutting	6.0	6	0.859
cross cutting	6.0	6	0.859
awareness	6.0	6	0.859
assessment	6.0	6	0.859
warming	5.748872195622465	3	0.429
unesco framework	5.748872195622465	3	0.429
towards addressing	5.748872195622465	3	0.429
temperature	5.748872195622465	3	0.429
sria key	5.748872195622465	3	0.429
society enhancing	5.748872195622465	3	0.429
sendai framework	5.748872195622465	3	0.429
sendai	5.748872195622465	3	0.429
seizing	5.748872195622465	3	0.429
research climate	5.748872195622465	3	0.429
release	5.748872195622465	3	0.429
reduction disaster	5.748872195622465	3	0.429
proposed term	5.748872195622465	3	0.429
proposal	5.748872195622465	3	0.429
opportunities towards	5.748872195622465	3	0.429
open innovative	5.748872195622465	3	0.429
messages preliminary	5.748872195622465	3	0.429
measures actions	5.748872195622465	3	0.429
management seizing	5.748872195622465	3	0.429
innovative inclusive	5.748872195622465	3	0.429
innovation sti	5.748872195622465	3	0.429
global warming	5.748872195622465	3	0.429
geological	5.748872195622465	3	0.429
framework disaster	5.748872195622465	3	0.429
four working	5.748872195622465	3	0.429
environment addressing	5.748872195622465	3	0.429
enhancing societal	5.748872195622465	3	0.429
education climate	5.748872195622465	3	0.429
drr	5.748872195622465	3	0.429
disclaimer	5.748872195622465	3	0.429
cultural statistics	5.748872195622465	3	0.429
coping capacity	5.748872195622465	3	0.429
consulted	5.748872195622465	3	0.429
addressing global	5.748872195622465	3	0.429
addresses following	5.748872195622465	3	0.429
adaptive release	5.748872195622465	3	0.429
view	5.0	5	0.716
values	5.0	5	0.716
three	5.0	5	0.716
technology	5.0	5	0.716
strengthening	5.0	5	0.716
stakeholder	5.0	5	0.716
solutions	5.0	5	0.716
social economic	5.0	5	0.716
reduce	5.0	5	0.716
proposed	5.0	5	0.716
organisation	5.0	5	0.716
objectives	5.0	5	0.716
level	5.0	5	0.716
indigenous	5.0	5	0.716
increase	5.0	5	0.716
inclusive	5.0	5	0.716
ideas	5.0	5	0.716
horizon europe	5.0	5	0.716
horizon	5.0	5	0.716
forms	5.0	5	0.716
findings	5.0	5	0.716
develop	5.0	5	0.716
definition	5.0	5	0.716
defined	5.0	5	0.716
current	5.0	5	0.716
communication	5.0	5	0.716
commission	5.0	5	0.716
building	5.0	5	0.716
broader	5.0	5	0.716
vulnerability	4.892574205256839	4	0.573
uk	4.892574205256839	4	0.573
transmission	4.892574205256839	4	0.573
sustainable management	4.892574205256839	4	0.573
set	4.892574205256839	4	0.573
scientific	4.892574205256839	4	0.573
protection	4.892574205256839	4	0.573
policy society	4.892574205256839	4	0.573
paper	4.892574205256839	4	0.573
monuments	4.892574205256839	4	0.573
main	4.892574205256839	4	0.573
