heritage	1679.0	1679	20.012
cultural	706.0	706	8.415
cultural heritage	543.0	543	6.472
research	478.0	478	5.697
future	369.0	369	4.398
climate	286.0	286	3.409
digital	280.0	280	3.337
foresight	273.0	273	3.254
european	271.0	271	3.230
change	258.0	258	3.075
sector	240.95927960889932	197	2.348
new	217.0	217	2.586
may	209.0	209	2.491
development	203.0	203	2.420
global	202.0	202	2.408
need	189.0	189	2.253
social	187.0	187	2.229
knowledge	180.0	180	2.145
wellbeing	171.0	171	2.038
innovation	166.0	166	1.979
policy	165.0	165	1.967
challenges	157.0	157	1.871
heritage sector	155.33923101690462	127	1.514
economic	150.0	150	1.788
sustainable	149.0	149	1.776
impact	148.0	148	1.764
ai	148.0	148	1.764
studies	145.55408260639095	119	1.418
vision	144.0	144	1.716
communities	138.0	138	1.645
climate change	137.0	137	1.633
europe	136.0	136	1.621
sria	135.0	135	1.609
towards	133.0	133	1.585
public	127.0	127	1.514
mission	123.0	123	1.466
greater	119.86806802879255	98	1.168
culture	118.0	118	1.406
based	117.0	117	1.395
values	114.0	114	1.359
data	114.0	114	1.359
resilience	112.0	112	1.335
including	112.0	112	1.335
opportunities	111.0	111	1.323
work	110.0	110	1.311
potential	108.0	108	1.287
people	108.0	108	1.287
approach	108.0	108	1.287
environmental	105.0	105	1.251
systems	104.0	104	1.240
societal	102.0	102	1.216
possible	102.0	102	1.216
deliverable	101.5209147590794	83	0.989
stakeholders	101.0	101	1.204
human	101.0	101	1.204
used	100.0	100	1.192
political	100.0	100	1.192
management	100.0	100	1.192
trends	99.07462765645099	81	0.965
world	99.0	99	1.180
emerging	98.2036655447894	65	0.775
society	97.0	97	1.156
could	97.0	97	1.156
partnership	96.0	96	1.144
areas	96.0	96	1.144
research innovation	95.0	95	1.132
health	94.0	94	1.120
different	94.0	94	1.120
across	94.0	94	1.120
value	93.0	93	1.108
focus	92.95890989987994	76	0.906
strategic	92.0	92	1.097
role	92.0	92	1.097
project	92.0	92	1.097
vision mission	90.51262279725152	74	0.882
key	90.0	90	1.073
impacts	90.0	90	1.073
sustainability	89.0	89	1.061
local	88.0	88	1.049
use	87.0	87	1.037
literature	85.0	85	1.013
learning	84.0	84	1.001
important	84.0	84	1.001
skills	83.0	83	0.989
participants	83.0	83	0.989
jpi	83.0	83	0.989
futures	83.0	83	0.989
term	82.0	82	0.977
projects	81.95061793805205	67	0.799
education	80.0	80	0.954
time	78.0	78	0.930
risk	78.0	78	0.930
ahrc	77.05210681206553	51	0.608
changing	77.0	77	0.918
ways	76.0	76	0.906
heritage research	76.0	76	0.906
help	75.0	75	0.894
become	74.03045556453354	49	0.584
practices	74.0	74	0.882
review	73.38861307885259	60	0.715
funding	73.0	73	0.870
develop	72.0	72	0.858
commission	72.0	72	0.858
analysis	72.0	72	0.858
session	71.00880431700156	47	0.560
technologies	71.0	71	0.846
needs	71.0	71	0.846
approaches	71.0	71	0.846
call	70.90275707934374	37	0.441
study	70.0	70	0.834
life	70.0	70	0.834
see	69.71918242490996	57	0.679
organisations	69.71918242490996	57	0.679
conservation	69.0	69	0.822
technological	68.0	68	0.810
open	68.0	68	0.810
increasingly	68.0	68	0.810
environment	68.0	68	0.810
creative	68.0	68	0.810
breakout	67.98715306946958	45	0.536
might	67.0	67	0.799
community	67.0	67	0.799
building	67.0	67	0.799
must	66.04975177096732	54	0.644
likely	66.04975177096732	54	0.644
technology	66.0	66	0.787
related	66.0	66	0.787
diverse	66.0	66	0.787
long	65.0	65	0.775
beyond	64.96550182193761	43	0.513
sectors	64.0	64	0.763
many	64.0	64	0.763
reviewed	63.6034646683389	52	0.620
disaster	63.45467619817161	42	0.501
games	63.23759415184712	33	0.393
resources	63.0	63	0.751
european commission	63.0	63	0.751
make	62.38032111702469	51	0.608
critical	62.38032111702469	51	0.608
provide	62.0	62	0.739
horizon	62.0	62	0.739
changes	62.0	62	0.739
ukri	61.157177565710484	50	0.596
access	61.0	61	0.727
framework	60.0	60	0.715
eu	60.0	60	0.715
identified	59.934034014396275	49	0.584
themes	59.0	59	0.703
part	59.0	59	0.703
governance	59.0	59	0.703
participation	58.92219932687364	39	0.465
trend	57.48872195622465	30	0.358
shift	57.48872195622465	30	0.358
wider	57.41137370310765	38	0.453
ahrc ukri	57.41137370310765	38	0.453
tools	57.0	57	0.679
priority	57.0	57	0.679
cross	57.0	57	0.679
contribute	57.0	57	0.679
uk	56.26460336045365	46	0.548
science	56.0	56	0.667
institutions	56.0	56	0.667
chapter	55.572431224350495	29	0.346
methods	55.04145980913944	45	0.536
two	55.0	55	0.656
implications	55.0	55	0.656
green	55.0	55	0.656
drivers	55.0	55	0.656
relevant	54.0	54	0.644
past	54.0	54	0.644
non	54.0	54	0.644
national	54.0	54	0.644
increasing	54.0	54	0.644
inclusive	54.0	54	0.644
forms	54.0	54	0.644
common	54.0	54	0.644
collaboration	54.0	54	0.644
counter	53.65614049247634	28	0.334
group	53.0	53	0.632
disaster risk	52.878896831809676	35	0.417
museums	52.595172706511015	43	0.513
joint	52.595172706511015	43	0.513
would	52.0	52	0.620
rights	52.0	52	0.620
holistic	52.0	52	0.620
agenda	52.0	52	0.620
extract	51.73984976060219	27	0.322
issues	51.372029155196806	42	0.501
strategic foresight	51.36807120804369	34	0.405
participatory	51.0	51	0.608
intangible	51.0	51	0.608
groups	51.0	51	0.608
capacity	51.0	51	0.608
evidencing	50.1488856038826	41	0.489
needed	50.0	50	0.596
loss	50.0	50	0.596
professionals	49.85724558427769	33	0.393
figure	49.85724558427769	33	0.393
practice	49.0	49	0.584
nature	49.0	49	0.584
long term	49.0	49	0.584
international	49.0	49	0.584
context	49.0	49	0.584
awareness	49.0	49	0.584
adaptation	49.0	49	0.584
actions	49.0	49	0.584
using	48.92574205256839	40	0.477
understanding	48.92574205256839	40	0.477
making	48.92574205256839	40	0.477
clear	48.92574205256839	40	0.477
sessions	48.3464199605117	32	0.381
scenario	48.3464199605117	32	0.381
virtual	48.0	48	0.572
traditional	48.0	48	0.572
support	48.0	48	0.572
processes	48.0	48	0.572
first	48.0	48	0.572
evidence	48.0	48	0.572
action	48.0	48	0.572
years	47.70259850125418	39	0.465
preservation	47.0	47	0.560
present	47.0	47	0.560
natural	47.0	47	0.560
aims	47.0	47	0.560
address	47.0	47	0.560
planning	46.47945494993997	38	0.453
increased	46.47945494993997	38	0.453
responses	46.0	46	0.548
driver	46.0	46	0.548
better	46.0	46	0.548
platforms	45.99097756497972	24	0.286
foresight research	45.99097756497972	24	0.286
unesco	45.32476871297972	30	0.358
shifts	45.25631139862576	37	0.441
scenarios	45.25631139862576	37	0.441
urban	45.0	45	0.536
strategies	45.0	45	0.536
risks	45.0	45	0.536
resource	45.0	45	0.536
inclusion	45.0	45	0.536
growth	45.0	45	0.536
spaces	44.07468683310557	23	0.274
lifelong learning	44.07468683310557	23	0.274
lifelong	44.07468683310557	23	0.274
gamification	44.07468683310557	23	0.274
counter trends	44.07468683310557	23	0.274
means	44.033167847311546	36	0.429
discussion	44.033167847311546	36	0.429
solutions	44.0	44	0.524
rather	44.0	44	0.524
initiatives	44.0	44	0.524
information	44.0	44	0.524
create	44.0	44	0.524
language	43.81394308921373	29	0.346
game	43.81394308921373	29	0.346
thinking	43.0	43	0.513
quality	43.0	43	0.513
landscape	43.0	43	0.513
existing	43.0	43	0.513
crisis	43.0	43	0.513
sites	42.81002429599734	35	0.417
fsp	42.81002429599734	35	0.417
climate crisis	42.81002429599734	35	0.417
office	42.30311746544774	28	0.334
expected	42.30311746544774	28	0.334
nft	42.15839610123141	22	0.262
music	42.15839610123141	22	0.262
union	42.0	42	0.501
researchers	42.0	42	0.501
funded	42.0	42	0.501
engagement	42.0	42	0.501
scientific	41.58688074468313	34	0.405
protection	41.58688074468313	34	0.405
partnerships	41.58688074468313	34	0.405
opportunity	41.58688074468313	34	0.405
inequalities	41.58688074468313	34	0.405
field	41.58688074468313	34	0.405
terms	41.0	41	0.489
european union	41.0	41	0.489
already	40.79229184168175	27	0.322
agendas	40.79229184168175	27	0.322
tangible	40.36373719336892	33	0.393
promote	40.36373719336892	33	0.393
nations	40.36373719336892	33	0.393
included	40.36373719336892	33	0.393
state	40.242105369357255	21	0.250
potentially	40.242105369357255	21	0.250
recognised	40.0	40	0.477
positive	40.0	40	0.477
policies	40.0	40	0.477
include	40.0	40	0.477
diversity	40.0	40	0.477
range	39.28146621791576	26	0.310
enhancing	39.28146621791576	26	0.310
explore	39.14059364205471	32	0.381
transformation	39.0	39	0.465
sustainable development	39.0	39	0.465
resilient	39.0	39	0.465
private	39.0	39	0.465
esa	38.325814637483106	20	0.238
